7f 45 4c 46 02 01 01 00 00 00 00 00 00 00 00 00
02 00 3e 00 01 00 00 00 70 05 40 00 00 00 00 00
40 00 00 00 00 00 00 00 30 1f 00 00 00 00 00 00
00 00 00 00 40 00 38 00 09 00 40 00 24 00 21 00
06 00 00 00 05 00 00 00 40 00 00 00 00 00 00 00
40 00 40 00 00 00 00 00 40 00 40 00 00 00 00 00
f8 01 00 00 00 00 00 00 f8 01 00 00 00 00 00 00
08 00 00 00 00 00 00 00 03 00 00 00 04 00 00 00
38 02 00 00 00 00 00 00 38 02 40 00 00 00 00 00
38 02 40 00 00 00 00 00 1c 00 00 00 00 00 00 00
1c 00 00 00 00 00 00 00 01 00 00 00 00 00 00 00
01 00 00 00 05 00 00 00 00 00 00 00 00 00 00 00
00 00 40 00 00 00 00 00 00 00 40 00 00 00 00 00
94 09 00 00 00 00 00 00 94 09 00 00 00 00 00 00
00 00 20 00 00 00 00 00 01 00 00 00 06 00 00 00
10 0e 00 00 00 00 00 00 10 0e 60 00 00 00 00 00
10 0e 60 00 00 00 00 00 4d 02 00 00 00 00 00 00
58 02 00 00 00 00 00 00 00 00 20 00 00 00 00 00
02 00 00 00 06 00 00 00 28 0e 00 00 00 00 00 00
28 0e 60 00 00 00 00 00 28 0e 60 00 00 00 00 00
d0 01 00 00 00 00 00 00 d0 01 00 00 00 00 00 00
08 00 00 00 00 00 00 00 04 00 00 00 04 00 00 00
54 02 00 00 00 00 00 00 54 02 40 00 00 00 00 00
54 02 40 00 00 00 00 00 44 00 00 00 00 00 00 00
44 00 00 00 00 00 00 00 04 00 00 00 00 00 00 00
50 e5 74 64 04 00 00 00 14 08 00 00 00 00 00 00
14 08 40 00 00 00 00 00 14 08 40 00 00 00 00 00
44 00 00 00 00 00 00 00 44 00 00 00 00 00 00 00
04 00 00 00 00 00 00 00 51 e5 74 64 06 00 00 00
00 00 00 00 00 00 00 00 00 00 00 00 00 00 00 00
00 00 00 00 00 00 00 00 00 00 00 00 00 00 00 00
00 00 00 00 00 00 00 00 10 00 00 00 00 00 00 00
52 e5 74 64 04 00 00 00 10 0e 00 00 00 00 00 00
10 0e 60 00 00 00 00 00 10 0e 60 00 00 00 00 00
f0 01 00 00 00 00 00 00 f0 01 00 00 00 00 00 00
01 00 00 00 00 00 00 00 2f 6c 69 62 36 34 2f 6c
64 2d 6c 69 6e 75 78 2d 78 38 36 2d 36 34 2e 73
6f 2e 32 00 04 00 00 00 10 00 00 00 01 00 00 00
47 4e 55 00 00 00 00 00 02 00 00 00 06 00 00 00
20 00 00 00 04 00 00 00 14 00 00 00 03 00 00 00
47 4e 55 00 94 cc 91 72 71 da f6 63 6e 34 ea 39
90 71 c7 ad 45 50 a4 0f 01 00 00 00 01 00 00 00
01 00 00 00 00 00 00 00 00 00 00 00 00 00 00 00
00 00 00 00 00 00 00 00 00 00 00 00 00 00 00 00
00 00 00 00 00 00 00 00 00 00 00 00 00 00 00 00
1a 00 00 00 12 00 00 00 00 00 00 00 00 00 00 00
00 00 00 00 00 00 00 00 1f 00 00 00 12 00 00 00
00 00 00 00 00 00 00 00 00 00 00 00 00 00 00 00
32 00 00 00 12 00 00 00 00 00 00 00 00 00 00 00
00 00 00 00 00 00 00 00 2b 00 00 00 12 00 00 00
00 00 00 00 00 00 00 00 00 00 00 00 00 00 00 00
44 00 00 00 20 00 00 00 00 00 00 00 00 00 00 00
00 00 00 00 00 00 00 00 26 00 00 00 12 00 00 00
00 00 00 00 00 00 00 00 00 00 00 00 00 00 00 00
0b 00 00 00 12 00 00 00 00 00 00 00 00 00 00 00
00 00 00 00 00 00 00 00 00 6c 69 62 63 2e 73 6f
2e 36 00 5f 5f 69 73 6f 63 39 39 5f 73 63 61 6e
66 00 70 75 74 73 00 70 72 69 6e 74 66 00 61 74
6f 69 00 73 74 72 63 6d 70 00 5f 5f 6c 69 62 63
5f 73 74 61 72 74 5f 6d 61 69 6e 00 5f 5f 67 6d
6f 6e 5f 73 74 61 72 74 5f 5f 00 47 4c 49 42 43
5f 32 2e 37 00 47 4c 49 42 43 5f 32 2e 32 2e 35
00 00 00 00 02 00 02 00 02 00 02 00 00 00 02 00
03 00 00 00 00 00 00 00 01 00 02 00 01 00 00 00
10 00 00 00 00 00 00 00 17 69 69 0d 00 00 03 00
53 00 00 00 10 00 00 00 75 1a 69 09 00 00 02 00
5d 00 00 00 00 00 00 00 f8 0f 60 00 00 00 00 00
06 00 00 00 05 00 00 00 00 00 00 00 00 00 00 00
18 10 60 00 00 00 00 00 07 00 00 00 01 00 00 00
00 00 00 00 00 00 00 00 20 10 60 00 00 00 00 00
07 00 00 00 02 00 00 00 00 00 00 00 00 00 00 00
28 10 60 00 00 00 00 00 07 00 00 00 03 00 00 00
00 00 00 00 00 00 00 00 30 10 60 00 00 00 00 00
07 00 00 00 04 00 00 00 00 00 00 00 00 00 00 00
38 10 60 00 00 00 00 00 07 00 00 00 06 00 00 00
00 00 00 00 00 00 00 00 40 10 60 00 00 00 00 00
07 00 00 00 07 00 00 00 00 00 00 00 00 00 00 00
48 83 ec 08 48 8b 05 1d 0b 20 00 48 85 c0 74 05
e8 7b 00 00 00 48 83 c4 08 c3 00 00 00 00 00 00
ff 35 12 0b 20 00 ff 25 14 0b 20 00 0f 1f 40 00
ff 25 12 0b 20 00 68 00 00 00 00 e9 e0 ff ff ff
ff 25 0a 0b 20 00 68 01 00 00 00 e9 d0 ff ff ff
ff 25 02 0b 20 00 68 02 00 00 00 e9 c0 ff ff ff
ff 25 fa 0a 20 00 68 03 00 00 00 e9 b0 ff ff ff
ff 25 f2 0a 20 00 68 04 00 00 00 e9 a0 ff ff ff
ff 25 ea 0a 20 00 68 05 00 00 00 e9 90 ff ff ff
ff 25 92 0a 20 00 66 90 00 00 00 00 00 00 00 00
31 ed 49 89 d1 5e 48 89 e2 48 83 e4 f0 50 54 49
c7 c0 a0 07 40 00 48 c7 c1 30 07 40 00 48 c7 c7
88 06 40 00 e8 87 ff ff ff f4 66 0f 1f 44 00 00
b8 67 10 60 00 55 48 2d 60 10 60 00 48 83 f8 0e
48 89 e5 76 1b b8 00 00 00 00 48 85 c0 74 11 5d
bf 60 10 60 00 ff e0 66 0f 1f 84 00 00 00 00 00
5d c3 0f 1f 40 00 66 2e 0f 1f 84 00 00 00 00 00
be 60 10 60 00 55 48 81 ee 60 10 60 00 48 c1 fe
03 48 89 e5 48 89 f0 48 c1 e8 3f 48 01 c6 48 d1
fe 74 15 b8 00 00 00 00 48 85 c0 74 0b 5d bf 60
10 60 00 ff e0 0f 1f 00 5d c3 66 0f 1f 44 00 00
80 3d 36 0a 20 00 00 75 11 55 48 89 e5 e8 6e ff
ff ff 5d c6 05 23 0a 20 00 01 f3 c3 0f 1f 40 00
bf 20 0e 60 00 48 83 3f 00 75 05 eb 93 0f 1f 00
b8 00 00 00 00 48 85 c0 74 f1 55 48 89 e5 ff d0
5d e9 7a ff ff ff 55 48 89 e5 bf b8 07 40 00 e8
8c fe ff ff 90 5d c3 55 48 89 e5 bf c6 07 40 00
e8 7b fe ff ff 90 5d c3 55 48 89 e5 53 48 83 ec
18 89 7d ec 48 89 75 e0 83 7d ec 02 7f 16 bf d2
07 40 00 b8 00 00 00 00 e8 63 fe ff ff b8 01 00
00 00 eb 73 48 8b 45 e0 48 83 c0 08 48 8b 00 48
89 c7 e8 79 fe ff ff 89 c3 48 8b 45 e0 48 83 c0
10 48 8b 00 48 89 c7 e8 64 fe ff ff 39 c3 7d 07
b8 00 00 00 00 eb 40 bf e0 07 40 00 e8 0f fe ff
ff be 5e 10 60 00 bf 0e 08 40 00 b8 00 00 00 00
e8 4b fe ff ff be 5e 10 60 00 bf 58 10 60 00 e8
1c fe ff ff 85 c0 75 0a b8 00 00 00 00 e8 55 ff
ff ff b8 00 00 00 00 48 83 c4 18 5b 5d c3 66 90
41 57 41 56 41 89 ff 41 55 41 54 4c 8d 25 ce 06
20 00 55 48 8d 2d ce 06 20 00 53 49 89 f6 49 89
d5 4c 29 e5 48 83 ec 08 48 c1 fd 03 e8 6f fd ff
ff 48 85 ed 74 20 31 db 0f 1f 84 00 00 00 00 00
4c 89 ea 4c 89 f6 44 89 ff 41 ff 14 dc 48 83 c3
01 48 39 eb 75 ea 48 83 c4 08 5b 5d 41 5c 41 5d
41 5e 41 5f c3 90 66 2e 0f 1f 84 00 00 00 00 00
f3 c3 00 00 48 83 ec 08 48 83 c4 08 c3 00 00 00
01 00 02 00 00 00 00 00 46 69 72 73 74 20 61 74
74 65 6d 70 74 00 48 61 63 6b 65 64 20 77 65 6c
6c 00 59 61 20 73 6d 6f 67 21 21 21 00 00 00 00
59 6f 75 20 73 68 61 6c 6c 20 6e 6f 74 20 70 61
73 73 21 20 48 65 6c 6c 6f 2c 20 65 6e 74 65 72
20 74 68 65 20 70 61 73 73 77 6f 72 64 00 25 73
00 00 00 00 01 1b 03 3b 40 00 00 00 07 00 00 00
dc fc ff ff 8c 00 00 00 5c fd ff ff 5c 00 00 00
52 fe ff ff b4 00 00 00 63 fe ff ff d4 00 00 00
74 fe ff ff f4 00 00 00 1c ff ff ff 1c 01 00 00
8c ff ff ff 64 01 00 00 14 00 00 00 00 00 00 00
01 7a 52 00 01 78 10 01 1b 0c 07 08 90 01 07 10
14 00 00 00 1c 00 00 00 f8 fc ff ff 2a 00 00 00
00 00 00 00 00 00 00 00 14 00 00 00 00 00 00 00
01 7a 52 00 01 78 10 01 1b 0c 07 08 90 01 00 00
24 00 00 00 1c 00 00 00 48 fc ff ff 70 00 00 00
00 0e 10 46 0e 18 4a 0f 0b 77 08 80 00 3f 1a 3b
2a 33 24 22 00 00 00 00 1c 00 00 00 44 00 00 00
96 fd ff ff 11 00 00 00 00 41 0e 10 86 02 43 0d
06 4c 0c 07 08 00 00 00 1c 00 00 00 64 00 00 00
87 fd ff ff 11 00 00 00 00 41 0e 10 86 02 43 0d
06 4c 0c 07 08 00 00 00 24 00 00 00 84 00 00 00
78 fd ff ff a6 00 00 00 00 41 0e 10 86 02 43 0d
06 45 83 03 02 9c 0c 07 08 00 00 00 00 00 00 00
44 00 00 00 ac 00 00 00 f8 fd ff ff 65 00 00 00
00 42 0e 10 8f 02 42 0e 18 8e 03 45 0e 20 8d 04
42 0e 28 8c 05 48 0e 30 86 06 48 0e 38 83 07 4d
0e 40 72 0e 38 41 0e 30 41 0e 28 42 0e 20 42 0e
18 42 0e 10 42 0e 08 00 14 00 00 00 f4 00 00 00
20 fe ff ff 02 00 00 00 00 00 00 00 00 00 00 00
00 00 00 00 00 00 00 00 00 00 00 00 00 00 00 00
00 00 00 00 00 00 00 00 00 00 00 00 00 00 00 00
00 00 00 00 00 00 00 00 00 00 00 00 00 00 00 00
00 00 00 00 00 00 00 00 00 00 00 00 00 00 00 00
00 00 00 00 00 00 00 00 00 00 00 00 00 00 00 00
00 00 00 00 00 00 00 00 00 00 00 00 00 00 00 00
00 00 00 00 00 00 00 00 00 00 00 00 00 00 00 00
00 00 00 00 00 00 00 00 00 00 00 00 00 00 00 00
00 00 00 00 00 00 00 00 00 00 00 00 00 00 00 00
00 00 00 00 00 00 00 00 00 00 00 00 00 00 00 00
00 00 00 00 00 00 00 00 00 00 00 00 00 00 00 00
00 00 00 00 00 00 00 00 00 00 00 00 00 00 00 00
00 00 00 00 00 00 00 00 00 00 00 00 00 00 00 00
00 00 00 00 00 00 00 00 00 00 00 00 00 00 00 00
00 00 00 00 00 00 00 00 00 00 00 00 00 00 00 00
00 00 00 00 00 00 00 00 00 00 00 00 00 00 00 00
00 00 00 00 00 00 00 00 00 00 00 00 00 00 00 00
00 00 00 00 00 00 00 00 00 00 00 00 00 00 00 00
00 00 00 00 00 00 00 00 00 00 00 00 00 00 00 00
00 00 00 00 00 00 00 00 00 00 00 00 00 00 00 00
00 00 00 00 00 00 00 00 00 00 00 00 00 00 00 00
00 00 00 00 00 00 00 00 00 00 00 00 00 00 00 00
00 00 00 00 00 00 00 00 00 00 00 00 00 00 00 00
00 00 00 00 00 00 00 00 00 00 00 00 00 00 00 00
00 00 00 00 00 00 00 00 00 00 00 00 00 00 00 00
00 00 00 00 00 00 00 00 00 00 00 00 00 00 00 00
00 00 00 00 00 00 00 00 00 00 00 00 00 00 00 00
00 00 00 00 00 00 00 00 00 00 00 00 00 00 00 00
00 00 00 00 00 00 00 00 00 00 00 00 00 00 00 00
00 00 00 00 00 00 00 00 00 00 00 00 00 00 00 00
00 00 00 00 00 00 00 00 00 00 00 00 00 00 00 00
00 00 00 00 00 00 00 00 00 00 00 00 00 00 00 00
00 00 00 00 00 00 00 00 00 00 00 00 00 00 00 00
00 00 00 00 00 00 00 00 00 00 00 00 00 00 00 00
00 00 00 00 00 00 00 00 00 00 00 00 00 00 00 00
00 00 00 00 00 00 00 00 00 00 00 00 00 00 00 00
00 00 00 00 00 00 00 00 00 00 00 00 00 00 00 00
00 00 00 00 00 00 00 00 00 00 00 00 00 00 00 00
00 00 00 00 00 00 00 00 00 00 00 00 00 00 00 00
00 00 00 00 00 00 00 00 00 00 00 00 00 00 00 00
00 00 00 00 00 00 00 00 00 00 00 00 00 00 00 00
00 00 00 00 00 00 00 00 00 00 00 00 00 00 00 00
00 00 00 00 00 00 00 00 00 00 00 00 00 00 00 00
00 00 00 00 00 00 00 00 00 00 00 00 00 00 00 00
00 00 00 00 00 00 00 00 00 00 00 00 00 00 00 00
00 00 00 00 00 00 00 00 00 00 00 00 00 00 00 00
00 00 00 00 00 00 00 00 00 00 00 00 00 00 00 00
00 00 00 00 00 00 00 00 00 00 00 00 00 00 00 00
00 00 00 00 00 00 00 00 00 00 00 00 00 00 00 00
00 00 00 00 00 00 00 00 00 00 00 00 00 00 00 00
00 00 00 00 00 00 00 00 00 00 00 00 00 00 00 00
00 00 00 00 00 00 00 00 00 00 00 00 00 00 00 00
00 00 00 00 00 00 00 00 00 00 00 00 00 00 00 00
00 00 00 00 00 00 00 00 00 00 00 00 00 00 00 00
00 00 00 00 00 00 00 00 00 00 00 00 00 00 00 00
00 00 00 00 00 00 00 00 00 00 00 00 00 00 00 00
00 00 00 00 00 00 00 00 00 00 00 00 00 00 00 00
00 00 00 00 00 00 00 00 00 00 00 00 00 00 00 00
00 00 00 00 00 00 00 00 00 00 00 00 00 00 00 00
00 00 00 00 00 00 00 00 00 00 00 00 00 00 00 00
00 00 00 00 00 00 00 00 00 00 00 00 00 00 00 00
00 00 00 00 00 00 00 00 00 00 00 00 00 00 00 00
00 00 00 00 00 00 00 00 00 00 00 00 00 00 00 00
00 00 00 00 00 00 00 00 00 00 00 00 00 00 00 00
00 00 00 00 00 00 00 00 00 00 00 00 00 00 00 00
00 00 00 00 00 00 00 00 00 00 00 00 00 00 00 00
00 00 00 00 00 00 00 00 00 00 00 00 00 00 00 00
00 00 00 00 00 00 00 00 00 00 00 00 00 00 00 00
00 00 00 00 00 00 00 00 00 00 00 00 00 00 00 00
00 00 00 00 00 00 00 00 00 00 00 00 00 00 00 00
00 00 00 00 00 00 00 00 00 00 00 00 00 00 00 00
00 00 00 00 00 00 00 00 00 00 00 00 00 00 00 00
40 06 40 00 00 00 00 00 20 06 40 00 00 00 00 00
00 00 00 00 00 00 00 00 01 00 00 00 00 00 00 00
01 00 00 00 00 00 00 00 0c 00 00 00 00 00 00 00
d0 04 40 00 00 00 00 00 0d 00 00 00 00 00 00 00
a4 07 40 00 00 00 00 00 19 00 00 00 00 00 00 00
10 0e 60 00 00 00 00 00 1b 00 00 00 00 00 00 00
08 00 00 00 00 00 00 00 1a 00 00 00 00 00 00 00
18 0e 60 00 00 00 00 00 1c 00 00 00 00 00 00 00
08 00 00 00 00 00 00 00 f5 fe ff 6f 00 00 00 00
98 02 40 00 00 00 00 00 05 00 00 00 00 00 00 00
78 03 40 00 00 00 00 00 06 00 00 00 00 00 00 00
b8 02 40 00 00 00 00 00 0a 00 00 00 00 00 00 00
69 00 00 00 00 00 00 00 0b 00 00 00 00 00 00 00
18 00 00 00 00 00 00 00 15 00 00 00 00 00 00 00
00 00 00 00 00 00 00 00 03 00 00 00 00 00 00 00
00 10 60 00 00 00 00 00 02 00 00 00 00 00 00 00
90 00 00 00 00 00 00 00 14 00 00 00 00 00 00 00
07 00 00 00 00 00 00 00 17 00 00 00 00 00 00 00
40 04 40 00 00 00 00 00 07 00 00 00 00 00 00 00
28 04 40 00 00 00 00 00 08 00 00 00 00 00 00 00
18 00 00 00 00 00 00 00 09 00 00 00 00 00 00 00
18 00 00 00 00 00 00 00 fe ff ff 6f 00 00 00 00
f8 03 40 00 00 00 00 00 ff ff ff 6f 00 00 00 00
01 00 00 00 00 00 00 00 f0 ff ff 6f 00 00 00 00
e2 03 40 00 00 00 00 00 00 00 00 00 00 00 00 00
00 00 00 00 00 00 00 00 00 00 00 00 00 00 00 00
00 00 00 00 00 00 00 00 00 00 00 00 00 00 00 00
00 00 00 00 00 00 00 00 00 00 00 00 00 00 00 00
00 00 00 00 00 00 00 00 00 00 00 00 00 00 00 00
00 00 00 00 00 00 00 00 00 00 00 00 00 00 00 00
00 00 00 00 00 00 00 00 00 00 00 00 00 00 00 00
28 0e 60 00 00 00 00 00 00 00 00 00 00 00 00 00
00 00 00 00 00 00 00 00 06 05 40 00 00 00 00 00
16 05 40 00 00 00 00 00 26 05 40 00 00 00 00 00
36 05 40 00 00 00 00 00 46 05 40 00 00 00 00 00
56 05 40 00 00 00 00 00 00 00 00 00 00 00 00 00
00 00 00 00 00 00 00 00 49 76 61 6e 00 47 43 43
3a 20 28 55 62 75 6e 74 75 20 35 2e 34 2e 30 2d
36 75 62 75 6e 74 75 31 7e 31 36 2e 30 34 2e 34
29 20 35 2e 34 2e 30 20 32 30 31 36 30 36 30 39
00 2c 00 00 00 02 00 00 00 00 00 08 00 00 00 00
00 66 06 40 00 00 00 00 00 c8 00 00 00 00 00 00
00 00 00 00 00 00 00 00 00 00 00 00 00 00 00 00
00 47 01 00 00 04 00 00 00 00 00 08 01 59 00 00
00 0c 37 2e 63 00 0e 00 00 00 66 06 40 00 00 00
00 00 c8 00 00 00 00 00 00 00 00 00 00 00 02 08
07 34 00 00 00 02 01 08 46 00 00 00 02 02 07 a9
00 00 00 02 04 07 39 00 00 00 02 01 06 48 00 00
00 02 02 05 c6 00 00 00 03 04 05 69 6e 74 00 02
08 05 05 00 00 00 02 08 07 d0 00 00 00 02 01 06
4f 00 00 00 04 08 79 00 00 00 05 6c 00 00 00 02
08 05 00 00 00 00 02 08 07 2f 00 00 00 06 66 6f
6f 00 01 08 66 06 40 00 00 00 00 00 11 00 00 00
00 00 00 00 01 9c 06 62 61 72 00 01 0e 77 06 40
00 00 00 00 00 11 00 00 00 00 00 00 00 01 9c 07
2a 00 00 00 01 14 57 00 00 00 88 06 40 00 00 00
00 00 a6 00 00 00 00 00 00 00 01 9c fc 00 00 00
08 54 00 00 00 01 14 57 00 00 00 02 91 5c 08 c1
00 00 00 01 14 fc 00 00 00 02 91 50 00 04 08 73
00 00 00 09 6c 00 00 00 12 01 00 00 0a 65 00 00
00 06 00 0b 61 00 01 05 02 01 00 00 09 03 5e 10
60 00 00 00 00 00 09 6c 00 00 00 35 01 00 00 0a
65 00 00 00 04 00 0c bc 00 00 00 01 06 25 01 00
00 09 03 58 10 60 00 00 00 00 00 00 01 11 01 25
0e 13 0b 03 08 1b 0e 11 01 12 07 10 17 00 00 02
24 00 0b 0b 3e 0b 03 0e 00 00 03 24 00 0b 0b 3e
0b 03 08 00 00 04 0f 00 0b 0b 49 13 00 00 05 26
00 49 13 00 00 06 2e 00 3f 19 03 08 3a 0b 3b 0b
11 01 12 07 40 18 96 42 19 00 00 07 2e 01 3f 19
03 0e 3a 0b 3b 0b 27 19 49 13 11 01 12 07 40 18
96 42 19 01 13 00 00 08 05 00 03 0e 3a 0b 3b 0b
49 13 02 18 00 00 09 01 01 49 13 01 13 00 00 0a
21 00 49 13 2f 0b 00 00 0b 34 00 03 08 3a 0b 3b
0b 49 13 3f 19 02 18 00 00 0c 34 00 03 0e 3a 0b
3b 0b 49 13 3f 19 02 18 00 00 00 54 00 00 00 02
00 1a 00 00 00 01 01 fb 0e 0d 00 01 01 01 01 00
00 00 01 00 00 01 00 37 2e 63 00 00 00 00 00 00
09 02 66 06 40 00 00 00 00 00 1a 4b 9f 21 31 4b
9f 21 31 f4 00 02 04 01 06 66 06 08 59 00 02 04
01 06 02 2c 12 06 75 9f 08 3d 08 30 a0 59 02 07
00 01 01 6c 6f 6e 67 20 6c 6f 6e 67 20 69 6e 74
00 2f 68 6f 6d 65 2f 6f 73 62 6f 78 65 73 2f 44
65 73 6b 74 6f 70 2f 74 61 73 6b 73 00 6d 61 69
6e 00 6c 6f 6e 67 20 6c 6f 6e 67 20 75 6e 73 69
67 6e 65 64 20 69 6e 74 00 75 6e 73 69 67 6e 65
64 20 63 68 61 72 00 61 72 67 63 00 47 4e 55 20
43 31 31 20 35 2e 34 2e 30 20 32 30 31 36 30 36
30 39 20 2d 6d 74 75 6e 65 3d 67 65 6e 65 72 69
63 20 2d 6d 61 72 63 68 3d 78 38 36 2d 36 34 20
2d 67 20 2d 66 73 74 61 63 6b 2d 70 72 6f 74 65
63 74 6f 72 2d 73 74 72 6f 6e 67 00 73 68 6f 72
74 20 75 6e 73 69 67 6e 65 64 20 69 6e 74 00 63
6f 6d 70 00 61 72 67 76 00 73 68 6f 72 74 20 69
6e 74 00 73 69 7a 65 74 79 70 65 00 00 00 00 00
00 00 00 00 00 00 00 00 00 00 00 00 00 00 00 00
00 00 00 00 00 00 00 00 00 00 00 00 03 00 01 00
38 02 40 00 00 00 00 00 00 00 00 00 00 00 00 00
00 00 00 00 03 00 02 00 54 02 40 00 00 00 00 00
00 00 00 00 00 00 00 00 00 00 00 00 03 00 03 00
74 02 40 00 00 00 00 00 00 00 00 00 00 00 00 00
00 00 00 00 03 00 04 00 98 02 40 00 00 00 00 00
00 00 00 00 00 00 00 00 00 00 00 00 03 00 05 00
b8 02 40 00 00 00 00 00 00 00 00 00 00 00 00 00
00 00 00 00 03 00 06 00 78 03 40 00 00 00 00 00
00 00 00 00 00 00 00 00 00 00 00 00 03 00 07 00
e2 03 40 00 00 00 00 00 00 00 00 00 00 00 00 00
00 00 00 00 03 00 08 00 f8 03 40 00 00 00 00 00
00 00 00 00 00 00 00 00 00 00 00 00 03 00 09 00
28 04 40 00 00 00 00 00 00 00 00 00 00 00 00 00
00 00 00 00 03 00 0a 00 40 04 40 00 00 00 00 00
00 00 00 00 00 00 00 00 00 00 00 00 03 00 0b 00
d0 04 40 00 00 00 00 00 00 00 00 00 00 00 00 00
00 00 00 00 03 00 0c 00 f0 04 40 00 00 00 00 00
00 00 00 00 00 00 00 00 00 00 00 00 03 00 0d 00
60 05 40 00 00 00 00 00 00 00 00 00 00 00 00 00
00 00 00 00 03 00 0e 00 70 05 40 00 00 00 00 00
00 00 00 00 00 00 00 00 00 00 00 00 03 00 0f 00
a4 07 40 00 00 00 00 00 00 00 00 00 00 00 00 00
00 00 00 00 03 00 10 00 b0 07 40 00 00 00 00 00
00 00 00 00 00 00 00 00 00 00 00 00 03 00 11 00
14 08 40 00 00 00 00 00 00 00 00 00 00 00 00 00
00 00 00 00 03 00 12 00 58 08 40 00 00 00 00 00
00 00 00 00 00 00 00 00 00 00 00 00 03 00 13 00
10 0e 60 00 00 00 00 00 00 00 00 00 00 00 00 00
00 00 00 00 03 00 14 00 18 0e 60 00 00 00 00 00
00 00 00 00 00 00 00 00 00 00 00 00 03 00 15 00
20 0e 60 00 00 00 00 00 00 00 00 00 00 00 00 00
00 00 00 00 03 00 16 00 28 0e 60 00 00 00 00 00
00 00 00 00 00 00 00 00 00 00 00 00 03 00 17 00
f8 0f 60 00 00 00 00 00 00 00 00 00 00 00 00 00
00 00 00 00 03 00 18 00 00 10 60 00 00 00 00 00
00 00 00 00 00 00 00 00 00 00 00 00 03 00 19 00
48 10 60 00 00 00 00 00 00 00 00 00 00 00 00 00
00 00 00 00 03 00 1a 00 5d 10 60 00 00 00 00 00
00 00 00 00 00 00 00 00 00 00 00 00 03 00 1b 00
00 00 00 00 00 00 00 00 00 00 00 00 00 00 00 00
00 00 00 00 03 00 1c 00 00 00 00 00 00 00 00 00
00 00 00 00 00 00 00 00 00 00 00 00 03 00 1d 00
00 00 00 00 00 00 00 00 00 00 00 00 00 00 00 00
00 00 00 00 03 00 1e 00 00 00 00 00 00 00 00 00
00 00 00 00 00 00 00 00 00 00 00 00 03 00 1f 00
00 00 00 00 00 00 00 00 00 00 00 00 00 00 00 00
00 00 00 00 03 00 20 00 00 00 00 00 00 00 00 00
00 00 00 00 00 00 00 00 01 00 00 00 04 00 f1 ff
00 00 00 00 00 00 00 00 00 00 00 00 00 00 00 00
0c 00 00 00 01 00 15 00 20 0e 60 00 00 00 00 00
00 00 00 00 00 00 00 00 19 00 00 00 02 00 0e 00
a0 05 40 00 00 00 00 00 00 00 00 00 00 00 00 00
1b 00 00 00 02 00 0e 00 e0 05 40 00 00 00 00 00
00 00 00 00 00 00 00 00 2e 00 00 00 02 00 0e 00
20 06 40 00 00 00 00 00 00 00 00 00 00 00 00 00
44 00 00 00 01 00 1a 00 5d 10 60 00 00 00 00 00
01 00 00 00 00 00 00 00 53 00 00 00 01 00 14 00
18 0e 60 00 00 00 00 00 00 00 00 00 00 00 00 00
7a 00 00 00 02 00 0e 00 40 06 40 00 00 00 00 00
00 00 00 00 00 00 00 00 86 00 00 00 01 00 13 00
10 0e 60 00 00 00 00 00 00 00 00 00 00 00 00 00
a5 00 00 00 04 00 f1 ff 00 00 00 00 00 00 00 00
00 00 00 00 00 00 00 00 01 00 00 00 04 00 f1 ff
00 00 00 00 00 00 00 00 00 00 00 00 00 00 00 00
a9 00 00 00 01 00 12 00 90 09 40 00 00 00 00 00
00 00 00 00 00 00 00 00 b7 00 00 00 01 00 15 00
20 0e 60 00 00 00 00 00 00 00 00 00 00 00 00 00
00 00 00 00 04 00 f1 ff 00 00 00 00 00 00 00 00
00 00 00 00 00 00 00 00 c3 00 00 00 00 00 13 00
18 0e 60 00 00 00 00 00 00 00 00 00 00 00 00 00
d4 00 00 00 01 00 16 00 28 0e 60 00 00 00 00 00
00 00 00 00 00 00 00 00 dd 00 00 00 00 00 13 00
10 0e 60 00 00 00 00 00 00 00 00 00 00 00 00 00
f0 00 00 00 00 00 11 00 14 08 40 00 00 00 00 00
00 00 00 00 00 00 00 00 03 01 00 00 01 00 18 00
00 10 60 00 00 00 00 00 00 00 00 00 00 00 00 00
19 01 00 00 12 00 0e 00 a0 07 40 00 00 00 00 00
02 00 00 00 00 00 00 00 29 01 00 00 20 00 00 00
00 00 00 00 00 00 00 00 00 00 00 00 00 00 00 00
9c 01 00 00 20 00 19 00 48 10 60 00 00 00 00 00
00 00 00 00 00 00 00 00 45 01 00 00 12 00 00 00
00 00 00 00 00 00 00 00 00 00 00 00 00 00 00 00
57 01 00 00 10 00 19 00 5d 10 60 00 00 00 00 00
00 00 00 00 00 00 00 00 5e 01 00 00 11 00 19 00
58 10 60 00 00 00 00 00 05 00 00 00 00 00 00 00
63 01 00 00 12 00 0e 00 77 06 40 00 00 00 00 00
11 00 00 00 00 00 00 00 23 01 00 00 12 00 0f 00
a4 07 40 00 00 00 00 00 00 00 00 00 00 00 00 00
67 01 00 00 12 00 00 00 00 00 00 00 00 00 00 00
00 00 00 00 00 00 00 00 7b 01 00 00 12 00 00 00
00 00 00 00 00 00 00 00 00 00 00 00 00 00 00 00
9a 01 00 00 10 00 19 00 48 10 60 00 00 00 00 00
00 00 00 00 00 00 00 00 a7 01 00 00 12 00 00 00
00 00 00 00 00 00 00 00 00 00 00 00 00 00 00 00
bb 01 00 00 20 00 00 00 00 00 00 00 00 00 00 00
00 00 00 00 00 00 00 00 ca 01 00 00 11 02 19 00
50 10 60 00 00 00 00 00 00 00 00 00 00 00 00 00
d7 01 00 00 11 00 10 00 b0 07 40 00 00 00 00 00
04 00 00 00 00 00 00 00 e6 01 00 00 12 00 0e 00
30 07 40 00 00 00 00 00 65 00 00 00 00 00 00 00
f6 01 00 00 12 00 0e 00 66 06 40 00 00 00 00 00
11 00 00 00 00 00 00 00 cf 00 00 00 10 00 1a 00
68 10 60 00 00 00 00 00 00 00 00 00 00 00 00 00
a0 01 00 00 12 00 0e 00 70 05 40 00 00 00 00 00
2a 00 00 00 00 00 00 00 5c 01 00 00 11 00 1a 00
5e 10 60 00 00 00 00 00 07 00 00 00 00 00 00 00
fa 01 00 00 10 00 1a 00 5d 10 60 00 00 00 00 00
00 00 00 00 00 00 00 00 06 02 00 00 12 00 0e 00
88 06 40 00 00 00 00 00 a6 00 00 00 00 00 00 00
0b 02 00 00 20 00 00 00 00 00 00 00 00 00 00 00
00 00 00 00 00 00 00 00 1f 02 00 00 12 00 00 00
00 00 00 00 00 00 00 00 00 00 00 00 00 00 00 00
31 02 00 00 12 00 00 00 00 00 00 00 00 00 00 00
00 00 00 00 00 00 00 00 4b 02 00 00 11 02 19 00
60 10 60 00 00 00 00 00 00 00 00 00 00 00 00 00
57 02 00 00 20 00 00 00 00 00 00 00 00 00 00 00
00 00 00 00 00 00 00 00 f0 01 00 00 12 00 0b 00
d0 04 40 00 00 00 00 00 00 00 00 00 00 00 00 00
00 63 72 74 73 74 75 66 66 2e 63 00 5f 5f 4a 43
52 5f 4c 49 53 54 5f 5f 00 64 65 72 65 67 69 73
74 65 72 5f 74 6d 5f 63 6c 6f 6e 65 73 00 5f 5f
64 6f 5f 67 6c 6f 62 61 6c 5f 64 74 6f 72 73 5f
61 75 78 00 63 6f 6d 70 6c 65 74 65 64 2e 37 35
38 35 00 5f 5f 64 6f 5f 67 6c 6f 62 61 6c 5f 64
74 6f 72 73 5f 61 75 78 5f 66 69 6e 69 5f 61 72
72 61 79 5f 65 6e 74 72 79 00 66 72 61 6d 65 5f
64 75 6d 6d 79 00 5f 5f 66 72 61 6d 65 5f 64 75
6d 6d 79 5f 69 6e 69 74 5f 61 72 72 61 79 5f 65
6e 74 72 79 00 37 2e 63 00 5f 5f 46 52 41 4d 45
5f 45 4e 44 5f 5f 00 5f 5f 4a 43 52 5f 45 4e 44
5f 5f 00 5f 5f 69 6e 69 74 5f 61 72 72 61 79 5f
65 6e 64 00 5f 44 59 4e 41 4d 49 43 00 5f 5f 69
6e 69 74 5f 61 72 72 61 79 5f 73 74 61 72 74 00
5f 5f 47 4e 55 5f 45 48 5f 46 52 41 4d 45 5f 48
44 52 00 5f 47 4c 4f 42 41 4c 5f 4f 46 46 53 45
54 5f 54 41 42 4c 45 5f 00 5f 5f 6c 69 62 63 5f
63 73 75 5f 66 69 6e 69 00 5f 49 54 4d 5f 64 65
72 65 67 69 73 74 65 72 54 4d 43 6c 6f 6e 65 54
61 62 6c 65 00 70 75 74 73 40 40 47 4c 49 42 43
5f 32 2e 32 2e 35 00 5f 65 64 61 74 61 00 63 6f
6d 70 00 62 61 72 00 70 72 69 6e 74 66 40 40 47
4c 49 42 43 5f 32 2e 32 2e 35 00 5f 5f 6c 69 62
63 5f 73 74 61 72 74 5f 6d 61 69 6e 40 40 47 4c
49 42 43 5f 32 2e 32 2e 35 00 5f 5f 64 61 74 61
5f 73 74 61 72 74 00 73 74 72 63 6d 70 40 40 47
4c 49 42 43 5f 32 2e 32 2e 35 00 5f 5f 67 6d 6f
6e 5f 73 74 61 72 74 5f 5f 00 5f 5f 64 73 6f 5f
68 61 6e 64 6c 65 00 5f 49 4f 5f 73 74 64 69 6e
5f 75 73 65 64 00 5f 5f 6c 69 62 63 5f 63 73 75
5f 69 6e 69 74 00 66 6f 6f 00 5f 5f 62 73 73 5f
73 74 61 72 74 00 6d 61 69 6e 00 5f 4a 76 5f 52
65 67 69 73 74 65 72 43 6c 61 73 73 65 73 00 61
74 6f 69 40 40 47 4c 49 42 43 5f 32 2e 32 2e 35
00 5f 5f 69 73 6f 63 39 39 5f 73 63 61 6e 66 40
40 47 4c 49 42 43 5f 32 2e 37 00 5f 5f 54 4d 43
5f 45 4e 44 5f 5f 00 5f 49 54 4d 5f 72 65 67 69
73 74 65 72 54 4d 43 6c 6f 6e 65 54 61 62 6c 65
00 00 2e 73 79 6d 74 61 62 00 2e 73 74 72 74 61
62 00 2e 73 68 73 74 72 74 61 62 00 2e 69 6e 74
65 72 70 00 2e 6e 6f 74 65 2e 41 42 49 2d 74 61
67 00 2e 6e 6f 74 65 2e 67 6e 75 2e 62 75 69 6c
64 2d 69 64 00 2e 67 6e 75 2e 68 61 73 68 00 2e
64 79 6e 73 79 6d 00 2e 64 79 6e 73 74 72 00 2e
67 6e 75 2e 76 65 72 73 69 6f 6e 00 2e 67 6e 75
2e 76 65 72 73 69 6f 6e 5f 72 00 2e 72 65 6c 61
2e 64 79 6e 00 2e 72 65 6c 61 2e 70 6c 74 00 2e
69 6e 69 74 00 2e 70 6c 74 2e 67 6f 74 00 2e 74
65 78 74 00 2e 66 69 6e 69 00 2e 72 6f 64 61 74
61 00 2e 65 68 5f 66 72 61 6d 65 5f 68 64 72 00
2e 65 68 5f 66 72 61 6d 65 00 2e 69 6e 69 74 5f
61 72 72 61 79 00 2e 66 69 6e 69 5f 61 72 72 61
79 00 2e 6a 63 72 00 2e 64 79 6e 61 6d 69 63 00
2e 67 6f 74 2e 70 6c 74 00 2e 64 61 74 61 00 2e
62 73 73 00 2e 63 6f 6d 6d 65 6e 74 00 2e 64 65
62 75 67 5f 61 72 61 6e 67 65 73 00 2e 64 65 62
75 67 5f 69 6e 66 6f 00 2e 64 65 62 75 67 5f 61
62 62 72 65 76 00 2e 64 65 62 75 67 5f 6c 69 6e
65 00 2e 64 65 62 75 67 5f 73 74 72 00 00 00 00
00 00 00 00 00 00 00 00 00 00 00 00 00 00 00 00
00 00 00 00 00 00 00 00 00 00 00 00 00 00 00 00
00 00 00 00 00 00 00 00 00 00 00 00 00 00 00 00
00 00 00 00 00 00 00 00 00 00 00 00 00 00 00 00
1b 00 00 00 01 00 00 00 02 00 00 00 00 00 00 00
38 02 40 00 00 00 00 00 38 02 00 00 00 00 00 00
1c 00 00 00 00 00 00 00 00 00 00 00 00 00 00 00
01 00 00 00 00 00 00 00 00 00 00 00 00 00 00 00
23 00 00 00 07 00 00 00 02 00 00 00 00 00 00 00
54 02 40 00 00 00 00 00 54 02 00 00 00 00 00 00
20 00 00 00 00 00 00 00 00 00 00 00 00 00 00 00
04 00 00 00 00 00 00 00 00 00 00 00 00 00 00 00
31 00 00 00 07 00 00 00 02 00 00 00 00 00 00 00
74 02 40 00 00 00 00 00 74 02 00 00 00 00 00 00
24 00 00 00 00 00 00 00 00 00 00 00 00 00 00 00
04 00 00 00 00 00 00 00 00 00 00 00 00 00 00 00
44 00 00 00 f6 ff ff 6f 02 00 00 00 00 00 00 00
98 02 40 00 00 00 00 00 98 02 00 00 00 00 00 00
1c 00 00 00 00 00 00 00 05 00 00 00 00 00 00 00
08 00 00 00 00 00 00 00 00 00 00 00 00 00 00 00
4e 00 00 00 0b 00 00 00 02 00 00 00 00 00 00 00
b8 02 40 00 00 00 00 00 b8 02 00 00 00 00 00 00
c0 00 00 00 00 00 00 00 06 00 00 00 01 00 00 00
08 00 00 00 00 00 00 00 18 00 00 00 00 00 00 00
56 00 00 00 03 00 00 00 02 00 00 00 00 00 00 00
78 03 40 00 00 00 00 00 78 03 00 00 00 00 00 00
69 00 00 00 00 00 00 00 00 00 00 00 00 00 00 00
01 00 00 00 00 00 00 00 00 00 00 00 00 00 00 00
5e 00 00 00 ff ff ff 6f 02 00 00 00 00 00 00 00
e2 03 40 00 00 00 00 00 e2 03 00 00 00 00 00 00
10 00 00 00 00 00 00 00 05 00 00 00 00 00 00 00
02 00 00 00 00 00 00 00 02 00 00 00 00 00 00 00
6b 00 00 00 fe ff ff 6f 02 00 00 00 00 00 00 00
f8 03 40 00 00 00 00 00 f8 03 00 00 00 00 00 00
30 00 00 00 00 00 00 00 06 00 00 00 01 00 00 00
08 00 00 00 00 00 00 00 00 00 00 00 00 00 00 00
7a 00 00 00 04 00 00 00 02 00 00 00 00 00 00 00
28 04 40 00 00 00 00 00 28 04 00 00 00 00 00 00
18 00 00 00 00 00 00 00 05 00 00 00 00 00 00 00
08 00 00 00 00 00 00 00 18 00 00 00 00 00 00 00
84 00 00 00 04 00 00 00 42 00 00 00 00 00 00 00
40 04 40 00 00 00 00 00 40 04 00 00 00 00 00 00
90 00 00 00 00 00 00 00 05 00 00 00 18 00 00 00
08 00 00 00 00 00 00 00 18 00 00 00 00 00 00 00
8e 00 00 00 01 00 00 00 06 00 00 00 00 00 00 00
d0 04 40 00 00 00 00 00 d0 04 00 00 00 00 00 00
1a 00 00 00 00 00 00 00 00 00 00 00 00 00 00 00
04 00 00 00 00 00 00 00 00 00 00 00 00 00 00 00
89 00 00 00 01 00 00 00 06 00 00 00 00 00 00 00
f0 04 40 00 00 00 00 00 f0 04 00 00 00 00 00 00
70 00 00 00 00 00 00 00 00 00 00 00 00 00 00 00
10 00 00 00 00 00 00 00 10 00 00 00 00 00 00 00
94 00 00 00 01 00 00 00 06 00 00 00 00 00 00 00
60 05 40 00 00 00 00 00 60 05 00 00 00 00 00 00
08 00 00 00 00 00 00 00 00 00 00 00 00 00 00 00
08 00 00 00 00 00 00 00 00 00 00 00 00 00 00 00
9d 00 00 00 01 00 00 00 06 00 00 00 00 00 00 00
70 05 40 00 00 00 00 00 70 05 00 00 00 00 00 00
32 02 00 00 00 00 00 00 00 00 00 00 00 00 00 00
10 00 00 00 00 00 00 00 00 00 00 00 00 00 00 00
a3 00 00 00 01 00 00 00 06 00 00 00 00 00 00 00
a4 07 40 00 00 00 00 00 a4 07 00 00 00 00 00 00
09 00 00 00 00 00 00 00 00 00 00 00 00 00 00 00
04 00 00 00 00 00 00 00 00 00 00 00 00 00 00 00
a9 00 00 00 01 00 00 00 02 00 00 00 00 00 00 00
b0 07 40 00 00 00 00 00 b0 07 00 00 00 00 00 00
61 00 00 00 00 00 00 00 00 00 00 00 00 00 00 00
08 00 00 00 00 00 00 00 00 00 00 00 00 00 00 00
b1 00 00 00 01 00 00 00 02 00 00 00 00 00 00 00
14 08 40 00 00 00 00 00 14 08 00 00 00 00 00 00
44 00 00 00 00 00 00 00 00 00 00 00 00 00 00 00
04 00 00 00 00 00 00 00 00 00 00 00 00 00 00 00
bf 00 00 00 01 00 00 00 02 00 00 00 00 00 00 00
58 08 40 00 00 00 00 00 58 08 00 00 00 00 00 00
3c 01 00 00 00 00 00 00 00 00 00 00 00 00 00 00
08 00 00 00 00 00 00 00 00 00 00 00 00 00 00 00
c9 00 00 00 0e 00 00 00 03 00 00 00 00 00 00 00
10 0e 60 00 00 00 00 00 10 0e 00 00 00 00 00 00
08 00 00 00 00 00 00 00 00 00 00 00 00 00 00 00
08 00 00 00 00 00 00 00 00 00 00 00 00 00 00 00
d5 00 00 00 0f 00 00 00 03 00 00 00 00 00 00 00
18 0e 60 00 00 00 00 00 18 0e 00 00 00 00 00 00
08 00 00 00 00 00 00 00 00 00 00 00 00 00 00 00
08 00 00 00 00 00 00 00 00 00 00 00 00 00 00 00
e1 00 00 00 01 00 00 00 03 00 00 00 00 00 00 00
20 0e 60 00 00 00 00 00 20 0e 00 00 00 00 00 00
08 00 00 00 00 00 00 00 00 00 00 00 00 00 00 00
08 00 00 00 00 00 00 00 00 00 00 00 00 00 00 00
e6 00 00 00 06 00 00 00 03 00 00 00 00 00 00 00
28 0e 60 00 00 00 00 00 28 0e 00 00 00 00 00 00
d0 01 00 00 00 00 00 00 06 00 00 00 00 00 00 00
08 00 00 00 00 00 00 00 10 00 00 00 00 00 00 00
98 00 00 00 01 00 00 00 03 00 00 00 00 00 00 00
f8 0f 60 00 00 00 00 00 f8 0f 00 00 00 00 00 00
08 00 00 00 00 00 00 00 00 00 00 00 00 00 00 00
08 00 00 00 00 00 00 00 08 00 00 00 00 00 00 00
ef 00 00 00 01 00 00 00 03 00 00 00 00 00 00 00
00 10 60 00 00 00 00 00 00 10 00 00 00 00 00 00
48 00 00 00 00 00 00 00 00 00 00 00 00 00 00 00
08 00 00 00 00 00 00 00 08 00 00 00 00 00 00 00
f8 00 00 00 01 00 00 00 03 00 00 00 00 00 00 00
48 10 60 00 00 00 00 00 48 10 00 00 00 00 00 00
15 00 00 00 00 00 00 00 00 00 00 00 00 00 00 00
08 00 00 00 00 00 00 00 00 00 00 00 00 00 00 00
fe 00 00 00 08 00 00 00 03 00 00 00 00 00 00 00
5d 10 60 00 00 00 00 00 5d 10 00 00 00 00 00 00
0b 00 00 00 00 00 00 00 00 00 00 00 00 00 00 00
01 00 00 00 00 00 00 00 00 00 00 00 00 00 00 00
03 01 00 00 01 00 00 00 30 00 00 00 00 00 00 00
00 00 00 00 00 00 00 00 5d 10 00 00 00 00 00 00
34 00 00 00 00 00 00 00 00 00 00 00 00 00 00 00
01 00 00 00 00 00 00 00 01 00 00 00 00 00 00 00
0c 01 00 00 01 00 00 00 00 00 00 00 00 00 00 00
00 00 00 00 00 00 00 00 91 10 00 00 00 00 00 00
30 00 00 00 00 00 00 00 00 00 00 00 00 00 00 00
01 00 00 00 00 00 00 00 00 00 00 00 00 00 00 00
1b 01 00 00 01 00 00 00 00 00 00 00 00 00 00 00
00 00 00 00 00 00 00 00 c1 10 00 00 00 00 00 00
4b 01 00 00 00 00 00 00 00 00 00 00 00 00 00 00
01 00 00 00 00 00 00 00 00 00 00 00 00 00 00 00
27 01 00 00 01 00 00 00 00 00 00 00 00 00 00 00
00 00 00 00 00 00 00 00 0c 12 00 00 00 00 00 00
af 00 00 00 00 00 00 00 00 00 00 00 00 00 00 00
01 00 00 00 00 00 00 00 00 00 00 00 00 00 00 00
35 01 00 00 01 00 00 00 00 00 00 00 00 00 00 00
00 00 00 00 00 00 00 00 bb 12 00 00 00 00 00 00
58 00 00 00 00 00 00 00 00 00 00 00 00 00 00 00
01 00 00 00 00 00 00 00 00 00 00 00 00 00 00 00
41 01 00 00 01 00 00 00 30 00 00 00 00 00 00 00
00 00 00 00 00 00 00 00 13 13 00 00 00 00 00 00
d9 00 00 00 00 00 00 00 00 00 00 00 00 00 00 00
01 00 00 00 00 00 00 00 01 00 00 00 00 00 00 00
11 00 00 00 03 00 00 00 00 00 00 00 00 00 00 00
00 00 00 00 00 00 00 00 e1 1d 00 00 00 00 00 00
4c 01 00 00 00 00 00 00 00 00 00 00 00 00 00 00
01 00 00 00 00 00 00 00 00 00 00 00 00 00 00 00
01 00 00 00 02 00 00 00 00 00 00 00 00 00 00 00
00 00 00 00 00 00 00 00 f0 13 00 00 00 00 00 00
80 07 00 00 00 00 00 00 23 00 00 00 34 00 00 00
08 00 00 00 00 00 00 00 18 00 00 00 00 00 00 00
09 00 00 00 03 00 00 00 00 00 00 00 00 00 00 00
00 00 00 00 00 00 00 00 70 1b 00 00 00 00 00 00
71 02 00 00 00 00 00 00 00 00 00 00 00 00 00 00
01 00 00 00 00 00 00 00 00 00 00 00 00 00 00 00
